250277765.jpg 165 90 279 206
250277765.jpg 347 124 437 212
9545523490.jpg 119 137 275 281
9545523490.jpg 340 133 484 268
45092961.jpg 210 155 250 193
45092961.jpg 313 170 352 206
4285163979.jpg 116 167 159 205
4285163979.jpg 174 165 215 207
4285163979.jpg 243 86 273 119
4285163979.jpg 313 103 341 132
4285163979.jpg 261 140 281 160
4285163979.jpg 277 182 311 216
4285163979.jpg 345 167 383 204
4285163979.jpg 436 99 470 131
4285163979.jpg 483 107 526 148
4285163979.jpg 413 109 443 138
3116931144.jpg 97 102 145 154
3116931144.jpg 438 120 486 167
4880083461.jpg 238 179 355 274
4174638819.jpg 149 141 438 398
2060241469.jpg 119 240 216 338
170817766.jpg 55 132 157 238
170817766.jpg 398 121 515 248
4022732812.jpg 151 254 209 314
4022732812.jpg 240 106 296 166
4022732812.jpg 337 318 417 368
4022732812.jpg 514 142 546 178
4470478982.jpg 427 105 471 157
1372188757.jpg 162 187 314 324
435926861.jpg 57 109 141 190
435926861.jpg 441 172 529 252
368987306.jpg 259 131 321 201
4538917191.jpg 119 213 147 241
4538917191.jpg 95 304 125 332
4538917191.jpg 1 61 24 83
4538917191.jpg 58 98 81 123
4538917191.jpg 84 48 108 72
4538917191.jpg 162 54 185 72
4538917191.jpg 94 181 118 205
4538917191.jpg 6 278 41 312
4538917191.jpg 148 112 169 134
4538917191.jpg 189 114 213 136
4538917191.jpg 201 279 233 311
4538917191.jpg 194 229 221 255
4538917191.jpg 169 167 194 192
4538917191.jpg 244 57 265 78
4538917191.jpg 304 57 325 76
4538917191.jpg 259 145 288 174
4538917191.jpg 417 104 441 126
4538917191.jpg 434 171 461 196
4538917191.jpg 474 48 497 69
4538917191.jpg 421 311 449 339
4538917191.jpg 490 118 514 141
4538917191.jpg 467 213 490 235
4538917191.jpg 530 219 557 241
4538917191.jpg 498 317 527 346
4538917191.jpg 261 104 279 124
4538917191.jpg 551 323 584 350
4538917191.jpg 556 148 578 169
4538917191.jpg 546 106 573 130
507521047.jpg 163 162 278 280
507521047.jpg 353 124 459 240
1295311477.jpg 203 155 271 234
1295311477.jpg 465 98 530 171
1139324862.jpg 138 120 271 262
3062021448.jpg 133 83 220 169
3062021448.jpg 404 125 461 179
539722510.jpg 232 134 369 276
4351876664.jpg 101 266 289 441
1051618982.jpg 154 74 227 144
1051618982.jpg 359 108 405 170
437595409.jpg 122 93 197 167
225191079.jpg 179 31 276 140
4250120238.jpg 198 105 310 256
237815567.jpg 225 61 269 102
237815567.jpg 55 149 103 195
237815567.jpg 347 196 388 230
237815567.jpg 537 172 573 205
237815567.jpg 487 275 534 320
237815567.jpg 257 260 303 301
237815567.jpg 146 275 197 316
3729198156.jpg 19 218 100 306
3729198156.jpg 71 128 134 183
3729198156.jpg 133 108 171 154
3729198156.jpg 221 109 256 142
3729198156.jpg 208 43 244 77
3729198156.jpg 425 176 513 271
3729198156.jpg 524 55 573 96
3729198156.jpg 499 44 531 79
2030653815.jpg 278 191 355 260
347629355.jpg 246 146 327 221
347629355.jpg 335 180 411 237
1130084326.jpg 137 148 202 213
1130084326.jpg 277 65 330 123
1130084326.jpg 466 152 534 217
281972218.jpg 280 207 366 293
281972218.jpg 395 121 523 239
2580479214.jpg 107 178 170 241
2580479214.jpg 331 162 367 205
5301057994.jpg 257 361 319 430
3331716292.jpg 137 153 324 334
955659370.jpg 27 220 107 289
955659370.jpg 239 165 342 279
2080551997.jpg 217 113 272 182
2080551997.jpg 421 94 485 150
3346359383.jpg 82 88 134 144
3346359383.jpg 272 103 318 145
3346359383.jpg 472 100 519 142
1814664578.jpg 105 168 163 221
1814664578.jpg 383 194 446 247
1004109301.jpg 147 218 354 416
4471110141.jpg 55 125 188 245
4471110141.jpg 203 325 310 421
4560029166.jpg 184 97 290 220
3662810723.jpg 167 169 215 230
3662810723.jpg 268 125 325 183
3662810723.jpg 388 176 446 240
3662810723.jpg 520 110 560 146
2118625994.jpg 212 213 256 255
2099639490.jpg 174 158 271 249
2099639490.jpg 310 70 380 144
4337161543.jpg 163 64 231 149
2288136183.jpg 264 168 343 251
4821642.jpg 211 140 396 306
4555082379.jpg 255 115 340 207
3089202157.jpg 68 172 120 214
3089202157.jpg 211 135 251 172
3089202157.jpg 361 178 407 212
2186255795.jpg 251 155 302 211
2186255795.jpg 336 159 375 197
18489332.jpg 69 50 132 113
18489332.jpg 210 51 263 113
18489332.jpg 314 49 389 119
18489332.jpg 467 43 521 99
18489332.jpg 75 237 133 298
18489332.jpg 196 234 258 302
18489332.jpg 316 235 384 304
18489332.jpg 458 245 527 314
18489332.jpg 74 423 130 483
18489332.jpg 205 410 269 480
18489332.jpg 321 425 377 487
18489332.jpg 445 424 511 491
37096733.jpg 199 138 305 250
37096733.jpg 402 98 532 221
3284354538.jpg 114 142 164 193
3284354538.jpg 276 150 318 189
3284354538.jpg 466 120 511 164
448291547.jpg 122 142 160 196
448291547.jpg 278 119 327 171
448291547.jpg 482 136 518 173
2863107962.jpg 70 104 134 164
2863107962.jpg 189 80 254 137
2863107962.jpg 299 384 365 450
56054945.jpg 197 132 247 194
2316734819.jpg 225 188 395 332
3363054468.jpg 129 157 187 214
2120936774.jpg 109 104 202 183
2120936774.jpg 273 119 351 177
2329110240.jpg 132 95 167 131
2329110240.jpg 269 101 298 132
2329110240.jpg 399 92 430 121
5082623456.jpg 21 54 68 94
5082623456.jpg 235 59 276 99
5082623456.jpg 474 106 534 165
406798473.jpg 144 180 209 240
406798473.jpg 241 195 304 256
406798473.jpg 383 202 454 270
2239710476.jpg 115 187 145 229
2239710476.jpg 226 116 272 160
2239710476.jpg 232 202 294 266
2239710476.jpg 516 162 594 240
5007442.jpg 20 125 189 286
5007442.jpg 393 82 598 288
3873491482.jpg 213 158 365 318
442651885.jpg 249 116 357 235
213654866.jpg 58 84 101 125
213654866.jpg 133 120 170 156
213654866.jpg 311 132 342 161
213654866.jpg 477 157 519 194
815038.jpg 14 178 106 259
815038.jpg 262 262 347 346
1636651575.jpg 272 92 407 208
3187108438.jpg 239 151 348 247
2122067003.jpg 155 57 207 111
40014967.jpg 186 168 366 367
3532475790.jpg 201 123 252 175
3532475790.jpg 305 105 359 157
2372995574.jpg 168 250 261 337
2266416332.jpg 171 173 409 399
3893740955.jpg 154 172 209 229
3893740955.jpg 434 180 492 241
91328372.jpg 55 143 195 268
2392075438.jpg 42 94 104 164
2392075438.jpg 232 143 283 189
2392075438.jpg 409 137 466 189
2392075438.jpg 477 102 495 122
2392075438.jpg 481 120 566 208
4553922208.jpg 261 91 346 172
4553922208.jpg 377 108 449 181
4553922208.jpg 0 149 41 192
22699817.jpg 75 133 128 187
22699817.jpg 450 148 537 261
